5 + 6
a <- 5
b <- 6
a + b
